4 4
 0  0  0  0  0  0  0  0  0 14  0  3  0 13  0  0
 9 15  0  0  0  0  0  0  0  0  4  0  0  0  7  0
 4  0  0  0  3  6  0 11  0  8  0 10  0  9  0  0
 0  0  0  0  0  0 12  9 11  2  0  7  0  0  0  3
 0  0 16  0  0  3  0  0  0  1  0 15 14  7 13  0 
 0  4 10  0  0  0  2  0  9 16  0 13  6  0  0  1
 0  0  1  0  0  0 15  5  0  0  0  0  0  0  0  0
 8 12  0  0 10  0 16  0  7  0  0  0  0  4  0  0
 5  0  9  0  0  0  0  0  0  7  0  0 11  0  0 14
 0  0  0 12  6 14  0  0  5  0  0  0  0  0  4 15
 0  8  0  0  7 12  0  0  0  0  3  1  2  0  5  0
 0  0  0 14  0  0  0  0  0  6  0  4  7  1  0 16
 0  0 13  0  0  0  0  0  2  0  0 11 15  0 12  4
 0  0 15  5  0  0  0  0  0  0  6  0 13 16  0  8
16  0  0  4 11  7  0  0  0  0  0 14  0  5 10  0
 2  0  0  0  5  0  8  6  0 12 15  0  0  0  1  0
