Llegint sudoku...
Sudoku llegit.

#===#===#===#===#===#===#===#===#===#===#===#===#===#===#===#===#
[12 |11 | 5 | 1 [15 | 2 | 7 | 4 [16 |14 | 9 | 3 [10 |13 | 8 | 6 [
#---+---+---+---#---+---+---+---#---+---+---+---#---+---+---+---+
[ 9 |15 | 8 | 3 [16 |10 |14 | 1 [ 6 |13 | 4 | 5 [12 | 2 | 7 |11 [
#---+---+---+---#---+---+---+---#---+---+---+---#---+---+---+---+
[ 4 | 2 |14 | 7 [ 3 | 6 |13 |11 [15 | 8 |12 |10 [ 1 | 9 |16 | 5 [
#---+---+---+---#---+---+---+---#---+---+---+---#---+---+---+---+
[10 |16 | 6 |13 [ 8 | 5 |12 | 9 [11 | 2 | 1 | 7 [ 4 |15 |14 | 3 [
#===#===#===#===#===#===#===#===#===#===#===#===#===#===#===#===#
[11 | 5 |16 | 9 [ 4 | 3 | 6 | 8 [10 | 1 | 2 |15 [14 | 7 |13 |12 [
#---+---+---+---#---+---+---+---#---+---+---+---#---+---+---+---+
[14 | 4 |10 |15 [12 |11 | 2 | 7 [ 9 |16 | 5 |13 [ 6 | 8 | 3 | 1 [
#---+---+---+---#---+---+---+---#---+---+---+---#---+---+---+---+
[13 | 7 | 1 | 6 [14 | 9 |15 | 5 [ 3 | 4 | 8 |12 [16 |11 | 2 |10 [
#---+---+---+---#---+---+---+---#---+---+---+---#---+---+---+---+
[ 8 |12 | 3 | 2 [10 | 1 |16 |13 [ 7 |11 |14 | 6 [ 5 | 4 |15 | 9 [
#===#===#===#===#===#===#===#===#===#===#===#===#===#===#===#===#
[ 5 | 3 | 9 |16 [ 1 |15 | 4 | 2 [13 | 7 |10 | 8 [11 |12 | 6 |14 [
#---+---+---+---#---+---+---+---#---+---+---+---#---+---+---+---+
[ 1 |13 | 7 |12 [ 6 |14 |11 |10 [ 5 | 9 |16 | 2 [ 8 | 3 | 4 |15 [
#---+---+---+---#---+---+---+---#---+---+---+---#---+---+---+---+
[ 6 | 8 | 4 |11 [ 7 |12 | 9 |16 [14 |15 | 3 | 1 [ 2 |10 | 5 |13 [
#---+---+---+---#---+---+---+---#---+---+---+---#---+---+---+---+
[15 |10 | 2 |14 [13 | 8 | 5 | 3 [12 | 6 |11 | 4 [ 7 | 1 | 9 |16 [
#===#===#===#===#===#===#===#===#===#===#===#===#===#===#===#===#
[ 3 | 1 |13 | 8 [ 9 |16 |10 |14 [ 2 | 5 | 7 |11 [15 | 6 |12 | 4 [
#---+---+---+---#---+---+---+---#---+---+---+---#---+---+---+---+
[ 7 |14 |15 | 5 [ 2 | 4 | 3 |12 [ 1 |10 | 6 | 9 [13 |16 |11 | 8 [
#---+---+---+---#---+---+---+---#---+---+---+---#---+---+---+---+
[16 | 6 |12 | 4 [11 | 7 | 1 |15 [ 8 | 3 |13 |14 [ 9 | 5 |10 | 2 [
#---+---+---+---#---+---+---+---#---+---+---+---#---+---+---+---+
[ 2 | 9 |11 |10 [ 5 |13 | 8 | 6 [ 4 |12 |15 |16 [ 3 |14 | 1 | 7 [
#===#===#===#===#===#===#===#===#===#===#===#===#===#===#===#===#

La solució al Sudoku és correcta.
